[gd_scene load_steps=3 format=2]

[ext_resource path="res://assets/mur.glb" type="PackedScene" id=1]

[sub_resource type="BoxShape" id=1]
extents = Vector3( 246.79, 118.331, 21.43 )

[node name="Scene Root" instance=ExtResource( 1 )]

[node name="Light" parent="." index="0"]
visible = false

[node name="Camera" parent="." index="1"]
visible = false

[node name="Room" parent="." index="2"]
visible = false

[node name="StaticBody" type="StaticBody" parent="." index="4"]

[node name="CollisionShape" type="CollisionShape" parent="StaticBody" index="0"]
transform = Transform( 1, 0, 0, 0, 1, 0, 0, 0, 1, 214.33, 120.32, 22.0406 )
shape = SubResource( 1 )

[node name="CollisionShape3" type="CollisionShape" parent="StaticBody" index="1"]
transform = Transform( 0.930753, 0, 0.365647, 0, 1, 0, -0.365647, 0, 0.930753, 446.938, 120.32, 17.8195 )
shape = SubResource( 1 )

[node name="CollisionShape20" type="CollisionShape" parent="StaticBody" index="2"]
transform = Transform( -0.811071, 0, -0.584948, 0, 1, 0, 0.584948, 0, -0.811071, -102.283, 120.32, -393.303 )
shape = SubResource( 1 )

[node name="CollisionShape4" type="CollisionShape" parent="StaticBody" index="3"]
transform = Transform( 0.788041, 0, 0.615622, 0, 1, 0, -0.615622, 0, 0.788041, 534.042, 120.32, -25.8501 )
shape = SubResource( 1 )

[node name="CollisionShape21" type="CollisionShape" parent="StaticBody" index="4"]
transform = Transform( -0.610849, 0, -0.791747, 0, 1, 0, 0.791747, 0, -0.610849, -175.844, 120.32, -329.405 )
shape = SubResource( 1 )

[node name="CollisionShape5" type="CollisionShape" parent="StaticBody" index="5"]
transform = Transform( 0.60318, 0, 0.797605, 0, 1, 0, -0.797605, 0, 0.60318, 544.398, 120.32, -25.8501 )
shape = SubResource( 1 )

[node name="CollisionShape19" type="CollisionShape" parent="StaticBody" index="6"]
transform = Transform( -0.386649, 0, -0.922227, 0, 1, 0, 0.922227, 0, -0.386649, -185.877, 120.32, -326.838 )
shape = SubResource( 1 )

[node name="CollisionShape6" type="CollisionShape" parent="StaticBody" index="7"]
transform = Transform( 0.36684, 0, 0.930284, 0, 1, 0, -0.930284, 0, 0.36684, 582.883, 120.32, -62.0985 )
shape = SubResource( 1 )

[node name="CollisionShape22" type="CollisionShape" parent="StaticBody" index="8"]
transform = Transform( -0.124795, 0, -0.992182, 0, 1, 0, 0.992182, 0, -0.124795, -214.175, 120.32, -282.182 )
shape = SubResource( 1 )

[node name="CollisionShape7" type="CollisionShape" parent="StaticBody" index="9"]
transform = Transform( 0.122934, 0, 0.992415, 0, 1, 0, -0.992415, 0, 0.122934, 611.56, 120.32, -118.898 )
shape = SubResource( 1 )

[node name="CollisionShape18" type="CollisionShape" parent="StaticBody" index="10"]
transform = Transform( 0.1269, 0, -0.991915, 0, 1, 0, 0.991915, 0, 0.1269, -227.879, 120.32, -220.046 )
shape = SubResource( 1 )

[node name="CollisionShape8" type="CollisionShape" parent="StaticBody" index="11"]
transform = Transform( -0.11757, 0, 0.993065, 0, 1, 0, -0.993065, 0, -0.11757, 625.808, 120.32, -162.509 )
shape = SubResource( 1 )

[node name="CollisionShape13" type="CollisionShape" parent="StaticBody" index="12"]
transform = Transform( 0.360058, 0, -0.93293, 0, 1, 0, 0.93293, 0, 0.360058, -230.872, 120.32, -174.265 )
shape = SubResource( 1 )

[node name="CollisionShape9" type="CollisionShape" parent="StaticBody" index="13"]
transform = Transform( -0.400873, 0, 0.916134, 0, 1, 0, -0.916134, 0, -0.400873, 639.594, 120.32, -200.352 )
shape = SubResource( 1 )

[node name="CollisionShape14" type="CollisionShape" parent="StaticBody" index="14"]
transform = Transform( 0.61545, 0, -0.788175, 0, 1, 0, 0.788175, 0, 0.61545, -234.847, 120.32, -134.185 )
shape = SubResource( 1 )

[node name="CollisionShape10" type="CollisionShape" parent="StaticBody" index="15"]
transform = Transform( -0.602766, 0, 0.797918, 0, 1, 0, -0.797918, 0, -0.602766, 643.178, 120.32, -243.22 )
shape = SubResource( 1 )

[node name="CollisionShape16" type="CollisionShape" parent="StaticBody" index="16"]
transform = Transform( 0.78174, 0, -0.623604, 0, 1, 0, 0.623604, 0, 0.78174, -227.693, 120.32, -91.7674 )
shape = SubResource( 1 )

[node name="CollisionShape11" type="CollisionShape" parent="StaticBody" index="17"]
transform = Transform( -0.788729, 0, 0.614741, 0, 1, 0, -0.614741, 0, -0.788729, 601.429, 120.32, -321.552 )
shape = SubResource( 1 )

[node name="CollisionShape15" type="CollisionShape" parent="StaticBody" index="18"]
transform = Transform( 0.916494, 0, -0.400048, 0, 1, 0, 0.400048, 0, 0.916494, -167.831, 120.32, -26.2277 )
shape = SubResource( 1 )

[node name="CollisionShape12" type="CollisionShape" parent="StaticBody" index="19"]
transform = Transform( -0.926344, 0, 0.376679, 0, 1, 0, -0.376679, 0, -0.926344, 558.904, 120.32, -374.317 )
shape = SubResource( 1 )

[node name="CollisionShape17" type="CollisionShape" parent="StaticBody" index="20"]
transform = Transform( 0.990804, 0, -0.135304, 0, 1, 0, 0.135304, 0, 0.990804, -113.554, 120.32, 14.3492 )
shape = SubResource( 1 )

[node name="CollisionShape2" type="CollisionShape" parent="StaticBody" index="21"]
transform = Transform( 1, 0, 0, 0, 1, 0, 0, 0, 1, 214.33, 120.32, -421.771 )
shape = SubResource( 1 )
